502085
664776
571710
592858
676879
455119
596057
543294
669203
605130
663474
622251
641394
425844
543766
669456
664854
667465
650893
608717
621295
592390
621249
425794
640444
664141
621242
666168
607625
641907
493603
600921
543507
608723
656731
644364
571578
663574
592804
664294
675911
458677
570666
543521
608331
641816
519151
605151
593576
664208
572193
664285
650671
681810
571901
660271
489334
663158
573009
572955
598287
657612
424144
506433
664092
596133
518516
676710
650633
518489
518617
570663
547973
621381
676477
593974
642528
612434
605280
543135
643338
543037
608716
543056
623149
592662
660896
661395
657746
521230
642397
607481
606930
608665
656638
605195
571800
656986
608337
593958
608349
669912
622554
642758
543272
544727
605400
621082
593423
548384
656420
643316
605347
622253
552640
605488
672335
605538
641329
608638
663556
607644
518886
664875
543339
595014
623485
660813
621111
641755
607536
542914
501625
605154
669622
666808
545343
542947
459429
642121
643511
608678
657277
656945
645261
656887
502179
622098
453286
448281
518553
680686
605447
518813
554340
642701
643256
622250
657240
667463
548389
592351
663423
642048
621244
445276
571656
554431
664747
519293
650960
621345
450203
656546
665665
669854
642545
520980
650556
623474
594577
642130
661383
606160
543606
672282
573124
528748
659275
640455
605525
518876
623352
676714
502202
659262
592767
669211
676596
543475
656876
605242
614179
676684
625643
671345
656302
641729
663554
650895
608648
662253
605194
489265
501925
664948
573204
669302
543243
606149
670280
607455
519008
672710
676831
656605
571945
681799
571948
664123
624522
641627
594311
570632
657006
605540
456713
641835
607359
656685
670950
641540
592332
667427
621237
640462
502043
666204
608344
595345
641154
607074
570488
617228
656354
601713
476595
676760
622663
661403
676092
543238
663986
664199
607237
680704
669395
668676
641745
570257
663432
605135
640448
672851
503285
641682
657140
519326
661269
453268
608032
517008
542881
608566
664062
453343
453178
621051
605397
605200
628452
592773
664299
592789
434378
642152
676103
641401
663559
594580
641726
621107
656222
592094
607216
446372
642585
669330
621383
665621
660730
641582
656629
669373
592866
592741
471911
607200
605521
656794
668881
666120
669618
475479
656271
547943
675921
621593
663903
656529
669212
642100
615698
663804
663460
664584
656954
641941
670990
657024
641927
670036
594835
605156
669467
664337
663765
669060
571927
642207
608718
445926
573186
642547
621389
677865
623465
669952
468504
622608
628711
641793
542888
606424
669432
543101
664353
660761
642770
608348
669459
656686
613534
622503
592761
657376
656557
656756
606303
663531
672578
650644
657508
605288
669145
656061
596295
621368
598264
666159
608379
518748
621433
657044
621112
607391
672715
656793
656849
624133
592836
666201
592791
656353
640451
642028
660623
623167
605164
547001
547179
622694
669674
607259
622072
595881
572403
669461
641302
448179
666374
592826
500779
621248
592473
670124
676720
650911
554430
641743
641482
579328
641778
657093
666200
663776
623451
543829
693821
664076
456034
571760
680739
502042
663855
663738
641712
663465
641771
527048
677651
628708
571976
502171
666157
621074
596071
605507
643377
681911
605446
477132
663978
643400
676664
572971
676637
644429
669424
656803
571479
572070
572383
658648
641447
663455
676766
670712
472610
669022
571863
668678
519043
649144
664042
643410
664054
624418
676840
656786
605177
501381
670046
650959
641360
523260
663436
656457
503449
681806
656657
595939
660853
596112
656458
621348
660906
641501
541640
596001
668684
621363
608328
670955
572125
657248
689225
592717
669804
660636
608371
621366
658431
671790
668948
642203
678061
606625
607572
676641
676050
665645
661255
670426
663372
670102
607755
670167
682016
663947
682171
670090
680694
621114
666818
661440
661527
657766
656818
608700
663485
667498
647315
641871
666205
621076
592454
665625
642232
656412
605182
663558
608703
596271
666619
646242
663546
676660
664139
501985
669742
668820
607229
606131
607457
676617
669923
572362
592716
669270
622491
676534
664849
672839
667297
661309
605218
489119
571670
686752
650496
668665
666214
624503
666974
673904
456501
682027
669169
661563
622075
660593
669214
681217
446321
656970
670059
572888
675627
405395
670768
606273
657571
593643
596082
670810
491624
665001
640461
605483
663989
656290
656492
641853
425877
642165
667373
668933
656730
669276
667376
658551
660787
663378
592743
543281
606993
670174
573668
643493
676083
642060
663385
664161
663629
593619
571917
527055
672911
621016
572008
675912
607179
681885
545341
665795
669920
657265
668868
643524
622268
553902
544365
605612
676886
592346
673316
670912
668873
641656
665152
666129
657424
621219
670970
656232
572703
542194
657649
657272
544931
622786
668338
669358
663753
596117
656008
670329
458681
657585
676194
657770
667725
596043
571466
665019
518586
656427
677960
656234
501303
547184
543901
664944
642231
608686
543548
600917
676265
666721
488984
571704
595191
641914
592169
641312
657756
676391
664942
660600
571446
645801
621011
611093
641672
642657
642851
622065
675916
682051
605463
444876
506702
678394
665896
598265
593140
572191
676946
672391
672582
519242
657745
663975
461325
434671
650382
669935
643230
642546
668941
676974
664126
592712
542585
650530
675540
664871
593334
570560
656257
623211
656548
661531
606965
620443
571882
663734
673258
657053
670288
657514
642068
656464
594798
674072
571616
666142
683769
622379
644374
643290
643615
489446
607609
669084
670032
621121
573131
664670
677053
571439
685503
676206
656322
650204
642239
669160
663773
664202
688010
676130
665871
614177
656820
674681
594838
624512
605170
620454
608652
622569
669711
676917
593160
622103
641531
655889
668800
518397
543351
502624
677161
669093
663893
665155
571510
686610
660825
518585
663752
503556
592848
656755
650339
657697
669194
686613
669713
592222
686973
607054
656814
630023
623437
663630
656578
681867
642659
682847
643361
686972
621079
686753
640470
681464
678692
668970
606115
571946
572816
502154
607192
622766
545121
680573
668834
683232
663534
666720
663562
681402
669438
672841
595928
543518
665048
663658
623433
622772
660261
669796
687330
622259
605513
543859
694363
605155
666745
673540
682120
641645
607732
689167
641703
628317
689266
680570
694037
696136
607461
669947
656716
542208
656266
656981
686842
681987
642578
685410
656288
671737
668754
643396
607067
663687
641525
668984
613564
666277
657031
663992
676254
676701
670766
571912
686651
695243
687396
650489
663941
663897
664192
671106
543594
624647
663878
598286
676440
641420
665622
670042
592779
607968
657041
675989
676680
664901
677020
642216
629498
670871
682243
669105
694297
694813
663623
680735
671111
593833
672730
641585
571875
663567
665620
594902
691587
572020
594943
641427
670156
670183
674003
621057
595411
595897
682227
666207
472551
592254
592229
676979
645444
666154
668674
571539
676272
657097
674285
527054
670097
681190
696147
686747
689172
647336
690829
681982
663971
592426
681857
622780
693433
667755
700363
671096
669684
687798
673111
543063
682175
676689
686654
676775
669391
668942
686839
674370
640454
621294
669387
686218
688427
663542
621139
666364
701643
681869
668909
605441
687888
681584
623507
663362
691094
673858
686294
570731
622110
663704
676475
681807
623381
679525
682989
518626
678606
677076
660634
681808
664028
665734
676632
663462
681517
679885
682842
676395
689690
656382
607188
682990
666208
682967
672860
543543
680232
678226
605498
650907
679346
686539
500743
677944
682010
680689
664129
681882
676106
656669
668470
656924
500871
682052
686826
543510
660431
669111
680723
690986
455117
595978
687145
681892
674444
670241
622088
686730
592527
676702
683175
685314
681432
669721
600986
687922
646241
680767
687830
621199
502083
669165
663321
671131
664874
656641
671212
693312
683155
669724
642133
608334
664744
689147
685107
680742
680983
672782
676961
641149
